Ammonia (NH3)	H3N1(g)
T(K)	Cp	S	-[G-H(Tr)]/T	H-H(Tr)	delta-f H	delta-f G	log Kf
100	33.284	155.840	223.211	-6.737	-41.550	-34.034	-17.777
200	33.757	178.990	195.962	-3.394	-43.703	-25.679	-6.707
298.15	35.652	192.774	192.774	0.	-45.898	-16.367	-2.867
300	35.701	192.995	192.775	0.066	-45.939	-16.183	-2.818
400	38.716	203.663	194.209	3.781	-48.041	-5.941	-0.776
500	42.048	212.659	197.021	7.819	-49.857	-4.800	-0.501
600	45.293	220.615	200.302	12.188	-51.374	-15.879	-1.382
700	48.354	227.829	203.727	16.872	-52.618	-27.190	-2.029
800	51.235	234.476	207.160	21.853	-53.621	-38.662	-2.524