Sulfur Dioxide (SO2)	O2S1(g)
T(K)	Cp	S	-[G-H(Tr)]/T	H-H(Tr)	delta-f H	delta-f G	log Kf
100	33.526	209.025	281.199	-7.217	-294.559	-296.878	155.073
200	36.372	233.033	251.714	-3.736	-295.631	-298.813	78.042
298.15	39.878	248.212	248.212	0.000	-296.842	-300.125	52.581
300	39.945	248.459	248.213	0.074	-296.865	-300.145	52.260
400	43.493	260.448	249.824	4.250	-300.257	-300.971	39.303
500	46.576	270.495	252.979	8.758	-302.736	-300.871	31.432
600	49.049	279.214	256.641	13.544	-304.694	-300.305	26.144
700	50.961	286.924	260.427	18.548	-306.291	-299.444	22.345
800	52.434	293.829	264.178	23.721	-307.667	-298.370	19.482